0.253162
0.338667
0.419803
0.497531
0.572221
0.644083
0.713274
0.779921
0.844138
0.90603
0.965694
1.02322
1.0787
1.13221
1.18382
1.23363
1.28169
1.32808
1.37285
1.41608
1.45783
1.49814
1.53709
1.57471
1.61106
1.64619
1.68015
1.71298
1.74472
1.77541
1.8051
1.83383
1.86162
1.88851
1.91454
1.93974
1.96413
1.98776
2.01065
2.03282
2.0543
2.07511
2.09529
2.11485
2.13382
2.15222
2.17006
2.18738
2.20418
2.22048
2.23631
2.25167
2.2666
2.28109
2.29517
2.30885
2.32215
2.33507
2.34764
2.35986
2.37174
2.3833
2.39455
2.40549
2.41615
2.42652
2.43662
2.44645
2.45603
2.46537
2.47446
2.48333
2.49197
2.5004
2.50861
2.51663
2.52445
2.53207
2.53952
2.54679
2.55388
2.56081
2.56758
2.57419
2.58065
2.58696
2.59313
2.59915
2.60505
2.61081
2.61645
2.62197
2.62737
2.63265
2.63782
2.64288
2.64774
2.6541
2.63645
2.9375
